              precision    recall  f1-score   support

          CC      0.688     0.561     0.618        98
         CCD      0.968     0.989     0.978      1960
         CCL      0.000     0.000     0.000         6
         CCP      1.000     0.429     0.600         7
         CCS      0.978     0.949     0.963       276
      CCS_UT      1.000     0.333     0.500         3
          CD      0.000     0.000     0.000         2
          DM      0.000     0.000     0.000        14
         DMD      0.883     0.920     0.901       213
         DMQ      0.833     0.909     0.870        22
         DMR      0.967     0.970     0.969      1498
        INTF      0.907     0.973     0.939       110
          JJ      0.945     0.874     0.908      3313
         NEG      0.941     0.889     0.914        18
          NN      0.947     0.944     0.945     17972
         NN,      0.000     0.000     0.000         1
         NNP      0.742     0.820     0.779      1926
         NNV      0.000     0.000     0.000         1
         NST      0.898     0.780     0.835       282
          PR      0.652     0.263     0.375        57
         PRC      0.000     0.000     0.000         3
         PRF      0.667     0.808     0.730        52
         PRL      0.800     0.860     0.829       544
         PRP      0.913     0.945     0.929       876
         PRQ      0.757     0.667     0.709        42
         PSP      0.270     0.472     0.343        36
        PUNC      0.996     0.998     0.997      5033
       PUNCF      1.000     1.000     1.000         1
         QTC      0.940     0.968     0.954      1069
         QTF      0.888     0.937     0.912       778
         QTM      0.000     0.000     0.000         1
         QTO      0.899     0.742     0.813       132
          RB      0.880     0.844     0.862       550
         RPD      0.357     0.294     0.323        17
         SYM      0.990     0.955     0.972       397
        VAUX      0.918     0.919     0.918      1338
          VM      0.952     0.959     0.955      5293
         VNF      0.000     0.000     0.000         5

    accuracy                          0.936     43946
   macro avg      0.673     0.631     0.641     43946
weighted avg      0.937     0.936     0.936     43946
